000000000000000000000000000000000000000000000000000000000000000000000000000000000000000000000000000000000000000000000000000000000000000000000000000000000000000000000000000000000000000000000000000000000
000000000000000000000000000000000000000000000000000000000000000000000000000000000000000000000000000000000000000000000000000000000000000000000000000000000000000000000000000000000000000000000000000000000
000000000000000000000000000000000000000000000000000000000000000000000000000000000000000000000000000000000000000000000000000000000000000000000000000000000000000000000000000000000000000000000000000000000
000000000000000000000000000000000000000000000000000000000000000000000000000000000000000000000000000000000000000000000000000000000000000000000000000000000000000000000000000000000000000000000000000000000
000000000000000000000000000000000000000000000000000000000000000000000000000000000000000000000000000000000000000000000000000000000000000000000000000000000000000000000000000000000000000000000000000000000
000000000000000000000000000000000000000000000000000000000000000000000000000000000000000000000000000000000000000000000000000000000000000000000000000000000000000000000000000000000000000000000000000000000
000000000000000000000000000000000000000000000000000000000000000000000000000000000000000000000000000000000000000000000000000000000000000000000000000000000000000000000000000000000000000000000000000000000
000000000000000000000000000000000000000000000000000000000000000000000000000000000000000000000000000000000000000000000000000000000000000000000000000000000000000000000000000000000000000000000000000000000
000000000000000000000000000000000000000000000000000000000000000000000000000000000000000000000000000000000000000000000000000000000000000000000000000000000000000000000000000000000000000000000000000000000
000000000000000000000000000000000000000000000000000000000000000000000000000000000000000000000000000000000000000000000000000000000000000000000000000000000000000000000000000000000000000000000000000000000
000000000000000000000000000000000000000000000000000000000000000000000000000000000000000000000000000000000000000000000000000000000000000000000000000000000000000000000000000000000000000000000000000000000
000000000000000000000000000000000000000000000000000000000000000000000000000000000000000000000000000000000000000000000000000000000000000000000000000000000000000000000000000000000000000000000000000000000
000000000000000000000000000000000000000000000000000000000000000000000000000000000000000000000000000000000000000000000000000000000000000000000000000000000000000000000000000000000000000000000000000000000
000000000000000000000000000000000000000000000000000000000000000000000000000000000000000000000000000000000000000000000000000000000000000000000000000000000000000000000000000000000000000000000000000000000
000000000000000000000000000000000000000000000000000000000000000000000000000000000000000000000000000000000000000000000000000000000000000000000000000000000000000000000000000000000000000000000000000000000
000000000000000000000000000000000000000000000000000000000000000000000000000000000000000000000000000000000000000000000000000000000000000000000000000000000000000000000000000000000000000000000000000000000
000000000000000000000000000000000000000000000000000000000000000000000000000000000000000000000000000000000000000000000000000000000000000000000000000000000000000000000000000000000000000000000000000000000
000000000000000000000000000000000000000000000000000000000000000000000000000000000000000000000000000000000000000000000000000000000000000000000000000000000000000000000000000000000000000000000000000000000
000000000000000000000000000000000000000000000000000000000000000000000000000000000000000000000000000000000000000000000000000000000000000000000000000000000000000000000000000000000000000000000000000000000
000000000000000000000000000000000000000000000000000000000000000000000000000000000000000000000000000000000000000000000000000000000000000000000000000000000000000000000000000000000000000000000000000000000
000000000000000000000000000000000000000000000000000000000000000000000000000000000000000000000000000000000000000000000000000000000000000000000000000000000000000000000000000000000000000000000000000000000
000000000000000000000000000000000000000000000000000000000000000000000000000000000000000000000000000000000000000000000000000000000000000000000000000000000000000000000000000000000000000000000000000000000
000000000000000000000000000000000000000000000000000000000000000000000000000000000000000000000000000000000000000000000000000000000000000000000000000000000000000000000000000000000000000000000000000000000
000000000000000000000000000000000000000000000000000000000000000000000000000000000000000000000000000000000000000000000000000000000000000000000000000000000000000000000000000000000000000000000000000000000
000000000000000000000000000000000000000000000000000000000000000000000000000000000000000000000000000000000000000000000000000000000000000000000000000000000000000000000000000000000000000000000000000000000
000000000000000000000000000000000000000000000000000000000000000000000000000000000000000000000000000000000000000000000000000000000000000000000000000000000000000000000000000000000000000000000000000000000
000000000000000000000000000000000000000000000000000000000000000000000000000000000000000000000000000000000000000000000000000000000000000000000000000000000000000000000000000000000000000000000000000000000
000000000000000000000000000000000000000000000000000000000000000000000000000000000000000000000000000000000000000000000000000000000000000000000000000000000000000000000000000000000000000000000000000000000
000000000000000000000000000000000000000000000000000000000000000000000000000000000000000000000000000000000000000000000000000000000000000000000000000000000000000000000000000000000000000000000000000000000
000000000000000000000000000000000000000000000000000000000000000000000000000000000000000000000000000000000000000000000000000000000000000000000000000000000000000000000000000000000000000000000000000000000
000000000000000000000000000000000000000000000000000000000000000000000000000000000000000000000000000000000000000000000000000000000000000000000000000000000000000000000000000000000000000000000000000000000
000000000000000000000000000000000000000000000000000000000000000000000000000000000000000000000000000000000000000000000000000000000000000000000000000000000000000000000000000000000000000000000000000000000
000000000000000000000000000000000000000000000000000000000000000000000000000000000000000000000000000000000000000000000000000000000000000000000000000000000000000000000000000000000000000000000000000000000
000000000000000000000000000000000000000000000000000000000000000000000000000000000000000000000000000000000000000000000000000000000000000000000000000000000000000000000000000000000000000000000000000000000
000000000000000000000000000000000000000000000000000000000000000000000000000000000000000000000000000000000000000000000000000000000000000000000000000000000000000000000000000000000000000000000000000000000
000000000000000000000000000000000000000000000000000000000000000000000000000000000000000000000000000000000000000000000000000000000000000000000000000000000000000000000000000000000000000000000000000000000
000000000000000000000000000000000000000000000000000000000000000000000000000000000000000000000000000000000000000000000000000000000000000000000000000000000000000000000000000000000000000000000000000000000
000000000000000000000000000000000000000000000000000000000000000000000000000000000000000000000000000000000000000000000000000000000000000000000000000000000000000000000000000000000000000000000000000000000
000000000000000000000000000000000000000000000000000000000000000000000000000000000000000000000000000000000000000000000000000000000000000000000000000000000000000000000000000000000000000000000000000000000
000000000000000000000000000000000000000000000000000000000000000000000000000000000000000000000000000000000000000000000000000000000000000000000000000000000000000000000000000000000000000000000000000000000
000000000000000000000000000000000000000000000000000000000000000000000000000000000000000000000000000000000000000000000000000000000000000000000000000000000000000000000000000000000000000000000000000000000
000000000000000000000000000000000000000000000000000000000000000000000000000000000000000000000000000000000000000000000000000000000000000000000000000000000000000000000000000000000000000000000000000000000
000000000000000000000000000000000000000000000000000000000000000000000000000000000000000022222222222000000000000000000000000000000000000000000000000000000000000000000000000000000000000000000000000000000
000000000000000000000000000000000000000000000000000000000000000000000000000000000000000022222222222022222000000000000000000000000000000000000000000000000000000000000000000000000000000000000000000000000
000000000000000000000000000000000000000000000000000000000000000000000000000000000000000022222222222022222000000000000000000000000000000000000000000000000000000000000000000000000000000000000000000000000
000000000000000000000000000000000000000000000000000000000000000000000000000000022222000022222222222022222000000000000000000000000000000000000000000000000000000000000000000000000000000000000000000000000
000000000000000000000000000000000000000000000000000000000000000000000000000000022222000022222222222222222000000000000000000000000000000000000000000000000000000000000000000000000000000000000000000000000
000000000000000000000000000000000000000000000000000000000000000000000000000000022222000022222222222222222222220000000000000000000000000000000000000000000000000000000000000000000000000000000000000000000
000000000000000000000000000000000000000000000000000000000000000000000000000000022222000022222222222200000222220000000000000000000000000000000000000000000000000000000000000000000000000000000000000000000
000000000000000000000000000000000000000000000000000000000000000000000000000000022222000022222002222222000222220000000000000000000000000000000000000000000000000000000000000000000000000000000000000000000
000000000000000000000000000000000000000000000000000000000000000000000000000000000000000022222002222222000222220000000000000000000000000000000000000000000000000000000000000000000000000000000000000000000
000000000000000000000000000000000000000000000000000000000000000000000000000000000000000022222000022222000222220000000000000000000000000000000000000000000000000000000000000000000000000000000000000000000
000000000000000000000000000000000000000000000000000000000000000000000000000000000000000000000000022222000000000000000000000000000000000000000000000000000000000000000000000000000000000000000000000000000
000000000000000000000000000000000000000000000000000000000000000000000000000000000000000022222000022222000000000000000000000000000000000000000000000000000000000000000000000000000000000000000000000000000
000000000000000000000000000000000000000000000000000000000000000000000000000000000000000022222000222220222222200022222000000000000000000000000000000000000000000000000000000000000000000000000000000000000
000000000000000000000000000000000000000000000000000000000000000000000000022222000000000022222000222222222222200022222000000000000000000000000000000000000000000000000000000000000000000000000000000000000
000000000000000000000000000000000000000000000000000000000000000000000000022222000000000022222000222222222222200022222000000000000000000000000000000000000000000000000000000000000000000000000000000000000
000000000000000000000000000000000000000000000000000000000000000000000000022222000000000022222000222222222222200022222222000000000000000000000000000000000000000000000000000000000000000000000000000000000
000000000000000000000000000000000000000000000000000000000000000000000000022222000000000000000000222222222222200022222222000000000000000000000000000000000000000000000000000000000000000000000000000000000
000000000000000000000000000000000000000000000000000000000000000000000000022222000000000000000000000222220000000000022222220000000000000000000000000000000000000000000000000000000000000000000000000000000
000000000000000000000000000000000000000000000000000000000000000000000000000000000000000000000000000000000000000000022222220000000000000000000000000000000000000000000000000000000000000000000000000000000
000000000000000000000000000000000000000000000000000000000000000000000000020002000000000000002222222222222202222222222222220000000000000000000000000000000000000000000000000000000000000000000000000000000
000000000000000000000000000000000000000000000000000000000000000000000000000000000200000000022222222222222222222222220222222000000000000000000000000000000000000000000000000000000000000000000000000000000
000000000000000000000000000000000000000000000000000002222222222222000200000000000000000222222222222222222222222222220222222022222000000000000000000000000000000000000000000000000000000000000000000000000
000000000000000000000000000000000000000000000000000002222222222222000000000000000000002222222222222222222222222222220222222022222000000000000000000000000000000000000000000000000000000000000000000000000
000000000000000000000000000000000000000000000000000002222222222222222220000000000000022222222222222222222222222222220222222022222222000000000000000000000000000000000000000000000000000000000000000000000
000000000000000000000000000000000000000000000000000002222222222222222220000222220222222222222222222222222222222222220022222022222222000000000000000000000000000000000000000000000000000000000000000000000
000000000000000000000000000000000000000000000000000002222222222222222222222222222222222222222222222222222222222222220000000022222222000000000000000000000000000000000000000000000000000000000000000000000
000000000000000000000000000000000000000000000000000000002000000002222222222222222222222222222222222222222222222222220000000000022222000000000000000000000000000000000000000000000000000000000000000000000
000000000000000000000000000000000000000000000000000000000202200020222222222222222222222222222222222202222222222222222000000000022222000000000000000000000000000000000000000000000000000000000000000000000
000000000000000000000000000000000000000000000000000000000000000000222222222222222222222222222222222222222222222222222200000000000002222200000000000000000000000000000000000000000000000000000000000000000
000000000000000000000000000000000000000000000000000000000000000000222222222222222222222222222222222222222222222222222222000000000002222200000000000000000000000000000000000000000000000000000000000000000
000000000000000000000000000000000000000000000000000000000000000000222220022222222222222222222222222222222222222022222222222200000002222200000000000000000000000000000000000000000000000000000000000000000
000000000000000000000000000000000000000000000000000000000000000000000000000222222222222222222222222222222222222022222222222200000002222222000000000000000000000000000000000000000000000000000000000000000
000000000000000000000000000000000000000000000000000000000000020000000000000222222222222222222222222222222222222002222222222200000002222222000000000000000000000000000000000000000000000000000000000000000
000000000000000000000000000000000000000000000000000000000000222222222222000222222222222222222222222222222222222022222222222200000000022222000000000000000000000000000000000000000000000000000000000000000
000000000000000000000000000000000000000000000000000000000000222222222222220222222222222222202222222222222222222222222202222222222000022222000000000000000000000000000000000000000000000000000000000000000
000000000000000000000000000000000000000000000000000000000000222222222222222222222222222222222222222222222222222222222200000022222000022222000000000000000000000000000000000000000000000000000000000000000
000000000000000000000000000000000000000000000000000000000022222222222222222222222222222222222222222222222222222222222200000022222220000000000000000000000000000000000000000000000000000000000000000000000
000000000000000000000000000000000000000000000000000000000022222222222222222222222222222222222222222222222222222222222000000022222220000222220000000000000000000000000000000000000000000000000000000000000
000000000000000000000000000000000000000000000000000000000022222222222222222222222222222222222222222222222222222222222000000022222220000222220000000000000000000000000000000000000000000000000000000000000
000000000000000000000000000000000000000000000000000000000022222200000222222222222222222222222222222222222222222222222000000000222220000222220000000000000000000000000000000000000000000000000000000000000
000000000000000000000000000000000000000000000000000000000022222222220222222222222222222222222222222222222222222222222000000000222220000222220000000000000000000000000000000000000000000000000000000000000
000000000000000000000000000000000000000000000000000000000002222222220022222222222222222222222222222222222222222222222222222000000000000222220000000000000000000000000000000000000000000000000000000000000
000000000000000000000000000000000000000000000000000000000000022222220022222222222222222222222222222222222222222222222222222200000000000222220000000000000000000000000000000000000000000000000000000000000
000000000000000000000000000000000000000000000000000000000002022222220022222222222222222222222222222222222222222222222222222200000002222222220000000000000000000000000000000000000000000000000000000000000
000000000000000000000000000000000000000000000000000000000002022222220022222022222222222222222222222222222222222222222222222200000002222222220000000000000000000000000000000000000000000000000000000000000
000000000000000000000000000000000000000000000000000000000000022222000222222022222222222222222222222222222222222222222222222200000002222222200000000000000000000000000000000000000000000000000000000000000
000000000000000000000000000000000000000000000000000000000002000000000222222222222222222222222222222222222222222222222222222200000002222222200000000000000000000000000000000000000000000000000000000000000
000000000000000000000000000000000000000000000000000000222220000000000222222222222222222222222222222222222222222222222222222200002222222222200000000000000000000000000000000000000000000000000000000000000
000000000000000000000000000000000000000000000000000000222220200000000222222222222222222222222222222222222222222222222222222200002222222222202222200000000000000000000000000000000000000000000000000000000
000000000000000000000000000000000000000000000000000000222220020000000222222222222222222222222222222222222222222222222222222200002222222222222222200000000000000000000000000000000000000000000000000000000
000000000000000000000000000000000000000000000000000000222220000200000022222222222222222222222222222222222222222222222222222222222222222222222222200000000000000000000000000000000000000000000000000000000
000000000000000000000000000000000000000000000000000000222220000000002222222222222222222222222222222222222222222222222222222222222222222222222222200000000000000000000000000000000000000000000000000000000
000000000000000000000000000000000000000000000000000000000000000000002222222222222222222222222222222222222222222222222222222222222222222222222222200000000000000000000000000000000000000000000000000000000
000000000000000000000000000000000000000000000000000000000000000000002222222222222222222222222222222222222222222222222222222222222222222222222222200000000000000000000000000000000000000000000000000000000
000000000000000000000000000000000000000000000000000000000000000000002222222222222222222222222222222222222222222222222222222222222222222222222000000000000000000000000000000000000000000000000000000000000
000000000000000000000000000000000000000000000000000000000000000000002222222222222222222222222222222222222222222222222222222222222222222222222000000000000000000000000000000000000000000000000000000000000
000000000000000000000000000000000000000000000000222220000000000000000222222222222222222222222222222222222222222222222222222222222222222022222000000000000000000000000000000000000000000000000000000000000
000000000000000000000000000000000000000000000000222220000000000000000222222222222222222222222222222222222222222222222222222222222022222022222000000000000000000000000000000000000000000000000000000000000
000000000000000000000000000000000000000000000000222220000000000000000222222222222222222222222222222222222222222222222222222222222000000022222000000000000000000000000000000000000000000000000000000000000
000000000000000000000000000000000000000000000000222220000000000000000222222222222222222222222222222222222222222222222222222222222222222222222000000000000000000000000000000000000000000000000000000000000
000000000000000000000000000000000000000000000000222220000000000000002222222222222222222222222222222222222222222222222222222222222222222222222000000000000000000000000000000000000000000000000000000000000
000000000000000000000000000000000000000000000000000000000000000000002222222002222222222222222222222222222222222222222222222220222222222222000000000000000000000000000000000000000000000000000000000000000
000000000000000000000000000000000000000000000000000000000000000000002222220002222222222222222222222222222222222222222222222220222222222222000000000000000000000000000000000000000000000000000000000000000
000000000000000000000000000000000000000000000000000000000000000000022222222220022222222222222222222222222222222222222222222220222222222222000000000000000000000000000000000000000000000000000000000000000
000000000000000000000000000000000000000000000002222200000000000000022222222220022222222222222222222222222222022222222222222220002222222200000000000000000000000000000000000000000000000000000000000000000
000000000000000000000000000000000000000000000002222200000000000000022222222222222222222222222222222222222222222222222222222220002222222200000000000000000000000000000000000000000000000000000000000000000
000000000000000000000000000000000000000000000002222200000000000000022222222222222222222222222222222222222222222222022222222220222222222200000000000000000000000000000000000000000000000000000000000000000
000000000000000000000000000000000000000000000002222200000000000000022222222222222222222222222222222222222222222200022222222222222222220000000000000000000000000000000000000000000000000000000000000000000
000000000000000000000000000000000000000000000002222200000000000000022222222222222222222222222222222222222222222202222222222222222222220000000000000000000000000000000000000000000000000000000000000000000
000000000000000000000000000000000000000000000002222200000000000000022222222222222222222222222000222222222222222222222222222222222222200000000000000000000000000000000000000000000000000000000000000000000
000000000000000000000000000000000000000000000002222200000000000000022222000000222222222220000222222222222222222222222222222222222222000000000000000000000000000000000000000000000000000000000000000000000
000000000000000000000000000000000000000000000002222200000000000000022222000000002222222222222222222222222222222222222222222222222200000000000000000000000000000000000000000000000000000000000000000000000
000000000000000000000000000000000000000000000000000000000000000000000000000000002222222222222222222222222222222222222222222222220000000000000000000000000000000000000000000000000000000000000000000000000
000000000000000000000000000000000000000000000000000000000000000000222220000000002222222222222222222222222222222222222222222222000000000000000000000000000000000000000000000000000000000000000000000000000
000000000000000000000000000000000000000000000000222220000000000000222220000000002222200222222222222222222222222222222222222222000000000000000000000000000000000000000000000000000000000000000000000000000
000000000000000000000000000000000000000000000000222220000000000000222220000000022222200222222222222222222222222222222222222222000000000000000000000000000000000000000000000000000000000000000000000000000
000000000000000000000000000000000000000000000000222220000000000000222220000000022222000222222222222222222222222222222222222222000000000000000000000000000000000000000000000000000000000000000000000000000
000000000000000000000000000000000000000000000000222220000000000000222220000000022222000222222222222222222222222200000000022222000000000000000000000000000000000000000000000000000000000000000000000000000
000000000000000000000000000000000000000000000000222220000000000000222220000000022222000222222222222222222222000222222222022222000000000000000000000000000000000000000000000000000000000000000000000000000
000000000000000000000000000000000000000000000000000000000000000000222220000000022222222222222022222222222222000222222222000000000000000000000000000000000000000000000000000000000000000000000000000000000
000000000000000000000000000000000000000000000000002222200000000000222220000000022222222220000022222222222222000222222222000000000000000000000000000000000000000000000000000000000000000000000000000000000
000000000000000000000000000000000000000000000000002222220000000000222222000000022222222220000222222222222222000222222222220000000000000000000000000000000000000000000000000000000000000000000000000000000
000000000000000000000000000000000000000000000000002222220000000000222222000000022222222220000222222200000000000222222222220000000000000000000000000000000000000000000000000000000000000000000000000000000
000000000000000000000000000000000000000000000000002222220000000000222222222222222222222222222222222200000000000222222222220000000000000000000000000000000000000000000000000000000000000000000000000000000
000000000000000000000000000000000000000000000000002222222220000000022222222222222222222222222222222200000000000222222222220000000000000000000000000000000000000000000000000000000000000000000000000000000
000000000000000000000000000000000000000000000000000222222222000000022222222222222222222222222222220000000000022222222222220000000000000000000000000000000000000000000000000000000000000000000000000000000
000000000000000000000000000000000000000000000000000000222222220000022222222222222222222222222000000000000000022222222222000000000000000000000000000000000000000000000000000000000000000000000000000000000
000000000000000000000000000000000000000000000000000000222222220000000222222222222002222222222000000000000000022222222222000000000000000000000000000000000000000000000000000000000000000000000000000000000
000000000000000000000000000000000000000000000000000000222222222200000000000000000000000000000000000000000002222222222222000000000000000000000000000000000000000000000000000000000000000000000000000000000
000000000000000000000000000000000000000000000000000000022222222200000000000000000000000000000000000000000002222222222200000000000000000000000000000000000000000000000000000000000000000000000000000000000
000000000000000000000000000000000000000000000000000000000222222200000000000000000000000000000000000000022222222222222200000000000000000000000000000000000000000000000000000000000000000000000000000000000
000000000000000000000000000000000000000000000000000000000002222222222000000000000000000000000000000022222222222222200000000000000000000000000000000000000000000000000000000000000000000000000000000000000
000000000000000000000000000000000000000000000000000000000002222222222222000000000000000000000000000022222222222222000000000000000000000000000000000000000000000000000000000000000000000000000000000000000
000000000000000000000000000000000000000000000000000000000000000022222222000000000000000000000022222222222222022222000000000000000000000000000000000000000000000000000000000000000000000000000000000000000
000000000000000000000000000000000000000000000000000000000000000022222222002222200222222220022222222222222222000000000000000000000000000000000000000000000000000000000000000000000000000000000000000000000
000000000000000000000000000000000000000000000000000000000000000022222222002222200222222220022222222222222000000000000000000000000000000000000000000000000000000000000000000000000000000000000000000000000
000000000000000000000000000000000000000000000000000000000000000000022222002222200222222220022222222222000000000000000000000000000000000000000000000000000000000000000000000000000000000000000000000000000
000000000000000000000000000000000000000000000000000000000000000000000000002222200222222220022222222222000000000000000000000000000000000000000000000000000000000000000000000000000000000000000000000000000
000000000000000000000000000000000000000000000000000000000000000000000000002222200222222220022222000000000000000000000000000000000000000000000000000000000000000000000000000000000000000000000000000000000
000000000000000000000000000000000000000000000000000000000000000000000000000000000000000000000000000000000000000000000000000000000000000000000000000000000000000000000000000000000000000000000000000000000
000000000000000000000000000000000000000000000000000000000000000000000000000000000000000000000000000000000000000000000000000000000000000000000000000000000000000000000000000000000000000000000000000000000
000000000000000000000000000000000000000000000000000000000000000000000000000000000000000000000000000000000000000000000000000000000000000000000000000000000000000000000000000000000000000000000000000000000
000000000000000000000000000000000000000000000000000000000000000000000000000000000000000000000000000000000000000000000000000000000000000000000000000000000000000000000000000000000000000000000000000000000
000000000000000000000000000000000000000000000000000000000000000000000000000000000000000000000000000000000000000000000000000000000000000000000000000000000000000000000000000000000000000000000000000000000
000000000000000000000000000000000000000000000000000000000000000000000000000000000000000000000000000000000000000000000000000000000000000000000000000000000000000000000000000000000000000000000000000000000
000000000000000000000000000000000000000000000000000000000000000000000000000000000000000000000000000000000000000000000000000000000000000000000000000000000000000000000000000000000000000000000000000000000
000000000000000000000000000000000000000000000000000000000000000000000000000000000000000000000000000000000000000000000000000000000000000000000000000000000000000000000000000000000000000000000000000000000
000000000000000000000000000000000000000000000000000000000000000000000000000000000000000000000000000000000000000000000000000000000000000000000000000000000000000000000000000000000000000000000000000000000
000000000000000000000000000000000000000000000000000000000000000000000000000000000000000000000000000000000000000000000000000000000000000000000000000000000000000000000000000000000000000000000000000000000
000000000000000000000000000000000000000000000000000000000000000000000000000000000000000000000000000000000000000000000000000000000000000000000000000000000000000000000000000000000000000000000000000000000
000000000000000000000000000000000000000000000000000000000000000000000000000000000000000000000000000000000000000000000000000000000000000000000000000000000000000000000000000000000000000000000000000000000
000000000000000000000000000000000000000000000000000000000000000000000000000000000000000000000000000000000000000000000000000000000000000000000000000000000000000000000000000000000000000000000000000000000
000000000000000000000000000000000000000000000000000000000000000000000000000000000000000000000000000000000000000000000000000000000000000000000000000000000000000000000000000000000000000000000000000000000
000000000000000000000000000000000000000000000000000000000000000000000000000000000000000000000000000000000000000000000000000000000000000000000000000000000000000000000000000000000000000000000000000000000
000000000000000000000000000000000000000000000000000000000000000000000000000000000000000000000000000000000000000000000000000000000000000000000000000000000000000000000000000000000000000000000000000000000
000000000000000000000000000000000000000000000000000000000000000000000000000000000000000000000000000000000000000000000000000000000000000000000000000000000000000000000000000000000000000000000000000000000
000000000000000000000000000000000000000000000000000000000000000000000000000000000000000000000000000000000000000000000000000000000000000000000000000000000000000000000000000000000000000000000000000000000
000000000000000000000000000000000000000000000000000000000000000000000000000000000000000000000000000000000000000000000000000000000000000000000000000000000000000000000000000000000000000000000000000000000
000000000000000000000000000000000000000000000000000000000000000000000000000000000000000000000000000000000000000000000000000000000000000000000000000000000000000000000000000000000000000000000000000000000
000000000000000000000000000000000000000000000000000000000000000000000000000000000000000000000000000000000000000000000000000000000000000000000000000000000000000000000000000000000000000000000000000000000
000000000000000000000000000000000000000000000000000000000000000000000000000000000000000000000000000000000000000000000000000000000000000000000000000000000000000000000000000000000000000000000000000000000
000000000000000000000000000000000000000000000000000000000000000000000000000000000000000000000000000000000000000000000000000000000000000000000000000000000000000000000000000000000000000000000000000000000
000000000000000000000000000000000000000000000000000000000000000000000000000000000000000000000000000000000000000000000000000000000000000000000000000000000000000000000000000000000000000000000000000000000
000000000000000000000000000000000000000000000000000000000000000000000000000000000000000000000000000000000000000000000000000000000000000000000000000000000000000000000000000000000000000000000000000000000
000000000000000000000000000000000000000000000000000000000000000000000000000000000000000000000000000000000000000000000000000000000000000000000000000000000000000000000000000000000000000000000000000000000
000000000000000000000000000000000000000000000000000000000000000000000000000000000000000000000000000000000000000000000000000000000000000000000000000000000000000000000000000000000000000000000000000000000
000000000000000000000000000000000000000000000000000000000000000000000000000000000000000000000000000000000000000000000000000000000000000000000000000000000000000000000000000000000000000000000000000000000
000000000000000000000000000000000000000000000000000000000000000000000000000000000000000000000000000000000000000000000000000000000000000000000000000000000000000000000000000000000000000000000000000000000
000000000000000000000000000000000000000000000000000000000000000000000000000000000000000000000000000000000000000000000000000000000000000000000000000000000000000000000000000000000000000000000000000000000
000000000000000000000000000000000000000000000000000000000000000000000000000000000000000000000000000000000000000000000000000000000000000000000000000000000000000000000000000000000000000000000000000000000
000000000000000000000000000000000000000000000000000000000000000000000000000000000000000000000000000000000000000000000000000000000000000000000000000000000000000000000000000000000000000000000000000000000
000000000000000000000000000000000000000000000000000000000000000000000000000000000000000000000000000000000000000000000000000000000000000000000000000000000000000000000000000000000000000000000000000000000
000000000000000000000000000000000000000000000000000000000000000000000000000000000000000000000000000000000000000000000000000000000000000000000000000000000000000000000000000000000000000000000000000000000
000000000000000000000000000000000000000000000000000000000000000000000000000000000000000000000000000000000000000000000000000000000000000000000000000000000000000000000000000000000000000000000000000000000
000000000000000000000000000000000000000000000000000000000000000000000000000000000000000000000000000000000000000000000000000000000000000000000000000000000000000000000000000000000000000000000000000000000
000000000000000000000000000000000000000000000000000000000000000000000000000000000000000000000000000000000000000000000000000000000000000000000000000000000000000000000000000000000000000000000000000000000
000000000000000000000000000000000000000000000000000000000000000000000000000000000000000000000000000000000000000000000000000000000000000000000000000000000000000000000000000000000000000000000000000000000
000000000000000000000000000000000000000000000000000000000000000000000000000000000000000000000000000000000000000000000000000000000000000000000000000000000000000000000000000000000000000000000000000000000
000000000000000000000000000000000000000000000000000000000000000000000000000000000000000000000000000000000000000000000000000000000000000000000000000000000000000000000000000000000000000000000000000000000
000000000000000000000000000000000000000000000000000000000000000000000000000000000000000000000000000000000000000000000000000000000000000000000000000000000000000000000000000000000000000000000000000000000
000000000000000000000000000000000000000000000000000000000000000000000000000000000000000000000000000000000000000000000000000000000000000000000000000000000000000000000000000000000000000000000000000000000
000000000000000000000000000000000000000000000000000000000000000000000000000000000000000000000000000000000000000000000000000000000000000000000000000000000000000000000000000000000000000000000000000000000
000000000000000000000000000000000000000000000000000000000000000000000000000000000000000000000000000000000000000000000000000000000000000000000000000000000000000000000000000000000000000000000000000000000
000000000000000000000000000000000000000000000000000000000000000000000000000000000000000000000000000000000000000000000000000000000000000000000000000000000000000000000000000000000000000000000000000000000
000000000000000000000000000000000000000000000000000000000000000000000000000000000000000000000000000000000000000000000000000000000000000000000000000000000000000000000000000000000000000000000000000000000
000000000000000000000000000000000000000000000000000000000000000000000000000000000000000000000000000000000000000000000000000000000000000000000000000000000000000000000000000000000000000000000000000000000
000000000000000000000000000000000000000000000000000000000000000000000000000000000000000000000000000000000000000000000000000000000000000000000000000000000000000000000000000000000000000000000000000000000
000000000000000000000000000000000000000000000000000000000000000000000000000000000000000000000000000000000000000000000000000000000000000000000000000000000000000000000000000000000000000000000000000000000
000000000000000000000000000000000000000000000000000000000000000000000000000000000000000000000000000000000000000000000000000000000000000000000000000000000000000000000000000000000000000000000000000000000
000000000000000000000000000000000000000000000000000000000000000000000000000000000000000000000000000000000000000000000000000000000000000000000000000000000000000000000000000000000000000000000000000000000
000000000000000000000000000000000000000000000000000000000000000000000000000000000000000000000000000000000000000000000000000000000000000000000000000000000000000000000000000000000000000000000000000000000
000000000000000000000000000000000000000000000000000000000000000000000000000000000000000000000000000000000000000000000000000000000000000000000000000000000000000000000000000000000000000000000000000000000
000000000000000000000000000000000000000000000000000000000000000000000000000000000000000000000000000000000000000000000000000000000000000000000000000000000000000000000000000000000000000000000000000000000
000000000000000000000000000000000000000000000000000000000000000000000000000000000000000000000000000000000000000000000000000000000000000000000000000000000000000000000000000000000000000000000000000000000
000000000000000000000000000000000000000000000000000000000000000000000000000000000000000000000000000000000000000000000000000000000000000000000000000000000000000000000000000000000000000000000000000000000
000000000000000000000000000000000000000000000000000000000000000000000000000000000000000000000000000000000000000000000000000000000000000000000000000000000000000000000000000000000000000000000000000000000
000000000000000000000000000000000000000000000000000000000000000000000000000000000000000000000000000000000000000000000000000000000000000000000000000000000000000000000000000000000000000000000000000000000
000000000000000000000000000000000000000000000000000000000000000000000000000000000000000000000000000000000000000000000000000000000000000000000000000000000000000000000000000000000000000000000000000000000
000000000000000000000000000000000000000000000000000000000000000000000000000000000000000000000000000000000000000000000000000000000000000000000000000000000000000000000000000000000000000000000000000000000
