3333333333333333333333333333333333333333333333333333333333333333333333333333333333333333333333333333333333333333333333333333333333333333333333333333333333333333333333333
3333333333333333333333333333333333333333333333333333333333333333333333333333333333333333333333333333333333333333333333333333333333333333333333333333333333333333333333333
3333333333333333333333333333333333333333333333333333333333333333333333333333333333333333333333333333333333333333333333333333333333333333333333333333333333333333333333333
3333333333333333111111111111111111111111111111133333333333333333333333333333333333333333333333333333333333333333333333333333333333333333333333333333333333333333333333333
3333333333333311111111111111111111111111111111111111111111111111111111333333333333333333333333333333333333333333333333333333333331111111111111111113333333333333333333333
3333333333331111111111111111111111111111111111111111111111111111111111111111111111111333333333333333311111111111111111111111111111111111111111111111111111111113333333333
3333333333111111111111111111111111111111111111111111111111111111111111111111111111111111111133333311111111111111111111111111111111111111111111111111111111111111103333333
3333333311111111111111111111111111111111111111111111111111111111111111111111111111111111111111111111111111111111111111111111111111111111111111111111111111111111113333333
3333333111111111111111111111111111111111111111111111111111111111111111111111111111111111111111111111111111111111111111111111111111111111111111111111111111111111111333333
3333331111111111111111111111000000000011111111111111111111111111111111111111111111111111111111111111111111111111111111111111111111111111111111111111111111111111111333333
3333331111111111111444444400000000000000000000111111111111111111111111111111111111111111111111111111111111111111111111111111111111111111111111111111111111111111111333333
3333331111111111144444444000000000000000000000000111111111111111444444411111111111111111111111111111111111111111111111111111111111111111111000000000011111111111111333333
3333331111111114444444440000000000000000000000000001111111111114444444441111111111111111111111111111111111111111111111111111111111111111110000000000000011111111111333333
3333311111111144444444440000000000000000000000000000000000000044444444444444444444111111111111111111111111111111111111111111111111111100000000000000000001111111111333333
3333311111111444444444440000000000000000000000000000000000000044444444444444444444411111111111111111111111000000000000000000000000000000000000000000000000111111111333333
3333311111114444444444440000000000000000000000000000000000000044444444444444444444444222111111111111110000000000000000000000000000000000000000000000000000011111111333333
3333311111144444444444440000000000000000000000000000000000000044444444444444444444444444444000000000000000000000000000000000000000000000000000000000000000011111111333333
3333311111144444444444400000000000000000000000000000000000000044444444444444444444444444444440000000000000000000000000000000000002222200000000000000000000001111111333333
3333311111144444444400000000000000000000000000000000000000000004444444444444444444444444444444000000000000000000000000000000000022222200000000000000000000001111111333333
3333311111144444440000000000000000000000000000000000000000000000444444444444444444444444444444440000000000000000000000000000000222222000000000000000000000001111111333333
3333311111144444400000000000000000000000000000000000000000000000004444444444444444444444444444444400000000000000000000000000000022220000000000000000000000000111111133333
3333311111114444000000000000000000000000000000000000000000000000000044444444444444444444444444444444440000000000000000000000000000000000000000000000000000000111111133333
3333311111111440000000000000000000000000000000000000000000000000000000444444444444444444444444444444444400000000000000000000000000000000000000000000000000000111111133333
3333311111111100000000000000000000000000000000000000000000000000000000000044444444444444444444444444444444000000000000000000000000000000000000000000000000000011111133333
3333311111111000000000000000000000000000000000000000000000000000000000000002444444444444444444444444444444400000000000000000000000000000000000000000000000000011111133333
3333311111110000000000000000000000000000000000000000000000000000000000000000000000000444444444444444444444440000000000000000000000000000000000000000000000000011111133333
3333311111100000000000000000000000000000000000000000000000000000000000000000000000000044444444444444444444444000000000000000000000000000000000000000000000000011111133333
3333311111100000000000000000000000000000000000000000000000000000000000000000000000000000004444444444444444444000000000000000000000000000000000000000000000000011111333333
3333311111100000000000000000000000000000000000000000000000000000000000000000000000000000000444444444444444444400000000000000000000000000000000000000000000000011111333333
3333311111100000000000000000000000000000000000000000000000000000000000000000000000000000000444444444444444444400000000000000000000000000000000000000000000000011111333333
3333311111100000000000000000000000000000000000000000000000000000000000000000000000000000000444444444444444444440000000000000000000000000000000000000000000000001111333333
3333311111100000000000000000000000000000000000000000000000000000000000000000000000000000000444444444444444444440000000000000000000000000000000000000000000000001111333333
3333311111100000000000000000000000000000000000000000000000000000000000000000000000000000000044444444444444444440000000000000000000000000000000000000000000000001111333333
3333311111100000000000000000000000000000000000000000000000000000000000000000000000000000000004444444444444444440000000000000000000000000000000000000000000000001111333333
3333311111100000000000000000000000000000000000000000000000000000000000000000000000000000000000044444444444444440000000000000000000000000000000000000000000000001111333333
3333311111100000000000000000000000000000000000000000000000000000000000000000000000000000000000004444444444444440000000000000000000000000000000000000000000000001111333333
3333311111100000000000000000000000000000000000000000000000000000000000000000000000000000000000000444444444444440000000000000000000000000000000000000000000000001111333333
3333311111100000000000000000000000000000000000000000000000000000000000000000000000000000000000000044444444444440000000000000000000000000000000000000000000000001111333333
3333311111110000000000000000000000000000000000000000000000000000000000000000000000000000000000000004444444444440000000000000000000000000000000000000000000000001111333333
3333311111111000000000000000000000000000000000000000000000000000000000000000000000000000000000000000444444444400000000000000000000000000000000000000000000000011111333333
3333311111111100000000000000000000000000000000000000000000000000000000000000000000000000000000000000044444444000000000000000000000000000000000000000000000000011111333333
3333311111111100000000000000000000000000000000000000000000000000000000000000000000000000000000000000000000000000000000000000000000000000000000000000000000000001111333333
3333311111111100000000000000000000000000000000000000000000000000000000000000000000000000000000000000000000000000000000000000000000000000000000000000000000000001111333333
3333311111111100000000000000000000000000000000000000000000000000000000000000000000000000000000000000000000000000000000000000000000000000000000000000000000000001111333333
3333311111111100000000000000000000000000000000000000000000000000000000000000000000000000000000000000000000000000000000000000000000000000000000000000000000000001111333333
3333311111111100000000000000000000000000000000000000000000000000000000000000000000000000000000000000000000000000000000000000000000000000000000000000000000000001111333333
3333311111111100000000000000000000000000000000000000000000000000000000000000000000000000000000000000000000000000000000000000000000000000000000000000000000000001111333333
3333311111111100000000000000000000000000000000000000000000000000000000000000000000000000000000000000000000000000000000000000000000000000000000000000000000000000111333333
3333311111111100000000000000000000000000000000000000000000000000000000000000000000000000000000000000000000000000000000000000000000000000000000000000000000000000111333333
3333311111111100000000000000000000000000000000000000000000000000000000000000000000000000000000000000000000000000000000000000000000000000000000000000000000000000111333333
3333311111111100000000000000000000000000000000000000000000000000000000000000000000000000000000000000000000000000000000000000000000000000000000000000000000000000111333333
3333311111111100000000000000000000000000000000000000000000000000000000000222220000000000000000000000000000000000000000000000000000000000000000000000000000000000111333333
3333311111111100000000000000000000000000000000000000000000000000000000002222222000000000000000000000000000000000000000000000000000000000000000000000000000000000111333333
3333311111111100000000000000000000000000000000000000000000000000000000022222222200000000000000000000000000000000000000000000000000000000000000000000000000000000111333333
3333311111111100000000000000000000000000000000000000000000000000000000022222222222000000000000000000000000000000000000000000000000000000000000000000000000000000111333333
3333311111111100000000000000000000000000000000000000000000000000000000022222222222200000000000000000000000000000000000000000000000000000000000000000000000000000111333333
3333311111111100000000000000000000022222200000000000000000000000000000022222222222222222222222222000000000000000000000000000000000000000000000000000000000000000111333333
3333311111111100000000000000000022222222220000000000000000000000000000022222222222222222222222222200000000000000000000000000000000000000000000000000000000000000111333333
3333311111111100000000000000000222222222222000000000000000000000000000002222222222222222222222222220000000000000000000000000000000000000000000000000000000000000111133333
3333311111111100000000000000002222222222222000000000000000000000000000000222222222222222222222222222000000000000000000000000000000000000000000000000000000000000111133333
3333311111111100000000000000022222222222222000000000000000000000000000000022222222222222222222222222200000000000000000000000000000000000000000000000000000000001111133333
3333311111111100000000000000022222222222222000000000000000000000000000000002222222222222222222222222222000000000000000000000000000000000000000000000000000000001111133333
3333311111111110000000000000022222222222222000000000000000000000000000000000222222222222222222222222222200000000000000000000000000000000000000000000000000000001111133333
3333311111111110000000000000022222222222220000000000000000000000000000000000002222222222222222222222222220000000000000000000000000000000000000000000000000000001111133333
3333311111111110000000000000022222222222200000000000000000000000000000000000000022222222222222222222222222000000000000000000000000000000000000000000000000000001111333333
3333331111111110000000000000002222222220000000000000222220000000000000000000000000022222222222222222222222200000000000000000000000000000000000000000000000000001111333333
3333331111111110000000000000000222222000000000000002222222000000000000000000000000000000002222222222222222220000000000000000000000000000000000000000000000000001111333333
3333331111111110000000000000000000000000000000000022222222200000000000000000000000000000000222222222222222222000000000000000000000000000000000000000000000000001111333333
3333331111111110000000000000000000000000000000000022222222222000000000000000000000000000000000002222222222222000000000000000000000000000000000000000000000000001111333333
3333331111111110000000000000000000000000000000000022222222222200000000000000000000000000000000000022222222222200000000000000000000000000000000000000000000000001111333333
3333331111111110000000000000000000000000000000000022222222222220000000000000000000000000000000000002222222222200000000000000000000000000000000000000000000000001111333333
3333331111111110000000000000000000000000000000000022222222222220000000000000000000000000000000000000222222222220000000000000000000000000000000000000000000000001111133333
3333331111111110000000000000000000000000000000000002222222222222000000000000000000000000000000000000022222222220000000000000000000000000000000000000000000000001111133333
3333331111111110000000000000000000000000000000000000222222222222000000000000000000000000000002222222222222222220000000000000000000000000000000000000000000000001111113333
3333331111111110000000000000000000000000000000000000022222222222200000000000000000000000000022222222222222222222000000000000000000000000000000000000000000000001111133333
3333331111111110000000000000000000000000000000000000002222222222200000000000000000000000000222222222222222222222200000000000000000000000000000000000000000000001111133333
3333331111111110000000000000000000000000000000000000000222222222200000000000000000000000000222222222222222222222200000000000000000000000000000000000000000000001111133333
3333331111111110000000000000000000000000000000000000000222222222200000000000000000000000000222222222222222222222220000000000000000000000000000000000000000000001111133333
3333331111111111000000000000000000000000000000000000000222222222200000000000000000000000000222222222222222222222220000000000000000000000000000000000000000000001111133333
3333331111111111000000000000000000000000000000000000002222222222200000000000000000000000000222222222222222222222220000000000000000000000000000000000000000000001111133333
3333331111111111000000000000000000000000000000000000002222222222200000000000000000000000000222222222222222222222222000000000000000000000000000000000000000000001111133333
3333331111111111000000000000000000000000000000000000002222222222000000000000000000000000000222222222222222222222222000000000000000000000000000000000000000000001111133333
3333333111111111000000000000000000000000000000000000002222222222000000000000000000000000000022222222222202222222222200000000000000000000000000000000000000000001111133333
3333333111111111000000000000000000000000000000000000002222222220000000000000000000000000000002222222222002222222222200000000000000000000000000000000000000000001111133333
3333333111111111000000000000000000000000000000000000002222222222000000000000000000000000000000000000000000222222222200000000000000000000000000000000000000000000111133333
3333333111111111000000000000000000000000002222200000000222222222220000000000000000000000000000000000000000022222222200000000000000000000000000000000000000000000111133333
3333333111111111000000000000000000000000022222220000000222222222222200000000000000000000000000000000000000022222222200000000000000000000022222200000000000000000111133333
3333333111111111100000000000000000000000222222222000000222222222222220000000000000000000000000000000000000022222222200000000000000000000222222220000000000000000111133333
3333333111111111100000000000000000000000222222222000000222222222222222200000000000000000000000000000000000002222222000000000000000000002222222222000000000000000111133333
3333333111111111100000000000000000000000222222222000000222222222222222220000000000000000000000000000000000000222220000000000000000000002222222222200000000000000111133333
3333333111111111100000000000000000000000222222222000000022222222222222222000000000000000000000000000000000000000000000000000000000000002222222222200000000000000111133333
3333333311111111100000000000000000000000222222222000000002222222222222222200000000000000000000000000000000000000000000000000000000000002222222222220000000000000111133333
3333333311111111100000000000000000000000222222222000000000022222222222222200000000000000000000000000000000000000000000000000000000000002222222222220000000000000111133333
3333333311111111100000000000000000000000222222222000000000002222222222222200000000000000000000000000000000000000000000000000000000222220222222222222000000000000111133333
3333333311111111100000000000000000000000222222222000000000000022222222222200000000000000000000000000000000000000000000000000000002222222022222222222200000000000111133333
3333333311111111100000000000000000000000022222222000000000000002222222222200000000000000000000000000000000000000000000000000000022222222202222222222200000000000111133333
3333333311111111100000000000000000000000002222222000000000000000022222222200000000000000000000000000000000000000000000000000000022222222202222222222220000000000111133333
3333333311111111100000000000000000000000002222222000000000000000002222222000000000000000000000000000000000000000000000000000000022222222200222222222220000000000111133333
3333333311111111100000000000000000000000000222222000000000000000000222220000000000000000000000000000000000000000000000000000000022222222200022222222220000000000111133333
3333333311111111100000000000000000000000000022222000000000000000000000000000000000000000000000000000000000000000000000000000000022222222200002222222220000000000111133333
3333333311111111100000000000000000000000000022222000000000000000000000000000000000000000000000000000000000000000000000000000000022222222200002222222222000000000111133333
3333333311111111100000000000000000000000000000000000000000000000000000000000000000000000000000000000000000000000000000000000000022222222200002222222222000000000111133333
3333333311111111100000000000000000000000000000000000000000000000000000000000000000000000000000000000000000000000000000000000000022222222200002222222222000000000111133333
3333333311111111100000000000000000000000000000000000000000000000000000000000000000000000000000000000000000000000000000000000000022222222200000222222222000000000111133333
3333333311111111100000000000000000000000000000000000000000000000000000000000000000000000000000000000000000000000000000000000000022222222200000222222222200000000111133333
3333333311111111100000000000000000000000000000000000000000000000000000000000000000000000000000000000000000000000000000000000000002222222000000222222222200000000111133333
3333333311111111100000000000000000000000000000000000000000000000000000000000000000000022222200000000000000000000000000000000000000222220000000222222222200000000111133333
3333333311111111100000000000000000000000000000000000000000000000000000000000000000000222222222000000000000000000000000000000000000000000000000022222222220000000111133333
3333333311111111100000000000000000000000000000000000000000000000000000000000000000002222222222200000000000000000000000000000000000000000000000022222222220000000111133333
3333333311111111100000000000000000000000000000000000000000000000000000000000000000002222222222220000000000000000000000000000000000000000000000002222222220000000111133333
3333333111111111100000000000000000000000000000000000000000000000000000000000000000002222222222222222200000000000000000000000000000000000000000000022222220000000111133333
3333333111111111100000000000000000000000000000000000000000000000000000000000000000002222222222222222220000000000000000000000000000000000000000000000222220000000111133333
3333333111111111100000000000000000000000000000000000000000000000000000000000000000002222222222222222222000000000000000000000000000000000000000000000022222000000111133333
3333333111111111100000000000000000000000000000000000000000000000000000000000000000002222222222222222222000000000000000000000000000000000000000000000004444400000111133333
3333333111111111000000000000000000000000000000000000000000000000000000000000000000000222222222222222222000000000000000000000000000000000000000000000000444440000111133333
3333333111111111000000000000000000000000000000000000000000000000000000000000000000000022222222222222222000000000000000000000000000000000000000000000000444444000111133333
3333331111111111000000000000000000000000000000000000000000000000000000000000000000000002222222222222222000000000000000000000000000000000000000000000000044444000111333333
3333331111111111000000000000000000000000000000000000000000000000000000000000000000000000222222222222220000000000000000000000000000000000000000000000000004444000111333333
3333331111111111000000000000000000000000000000000000000000000000000000000000000000000000000222222222200000000000000000000000000000000000000000000000000004444000111333333
3333331111111111000000000000000000000000000000000000000000000000000000000000000000000000000222222222200000000000000000000000000000000000000000000000000004444000111333333
3333331111111110000000000000000000000000000000000000000000000000000000000000000000000000000222222222200000000000000000000000000000000000000000000000000000444000111333333
3333331111111110000000000000000000000000000000000000000000000000000000000000000000000000000222222222200000000000000000000000000000000000000000000000000000000000111333333
3333331111111110000000000000000000000000000000000000000000000000000000000000000000000000000022222222000222220000000000000000000000000000000000000000000000000000111333333
3333331111111100000000000000000000000000000000000000000000000000000000000000000000000000000002222220002222222000000000000000000000000000000000000000000000000000111333333
3333331111111100000000000000000000000000000000000000000000000000000000000000000000000000000000000000022222222200000000000000000000000000000000000000000000000000111333333
3333331111111100000000000000000000000000000000000000000000000000000000000000000000000000000000000000022222222200000000000000000000000000000000000000000000000000111333333
3333331111111100000000000000000000000000000000000000000000000000000000000000000000000000000000000000222222222200000000000000000000000000000000000000000000000000111333333
3333331111111100000000000000000000000000000000000000000000000000000000000000000000000000000000000000222222222200000000000000000000000000000000000000000000000000111333333
3333331111111100000000000000000000000000000000000000000000000000000000000000000000000000000000000002222222222200000000000000000000000000000000000000000000000001111333333
3333331111111000000000000000000000000000000000000000000000000000000000000000000000000000000000000002222222222200000000000000000000000000000000000000000000000001111333333
3333331111111000000000000000000000000000000000000000000000000000000000000000000000000000000000000222222222222000000000000000000000000000000000000000000000000001111333333
3333331111111000000000000000000000000000000000000000000000000000000000000000000000000000000000002222222222222220000000000000000000000000000000000000000000000001111333333
3333331111111000000000000000000000000000000000000000000000000000000000000000000000000000000000022222222222222220000000000000000000000000000000000000000000000001111333333
3333331111111000000000000000000000000000000000000000000000000000000000000000000000000000000000222222222222222220000000000000000000000000000000000000000000000001111333333
3333331111111000000000000000000000000000000000000000000000000000000000000000000000000000000002222222222222222220000000000000000000000000000000000000000000000001111333333
3333331111111000000000000000000000000000000000000000000000000000000000000000000000000000000022222222222222222220000000000000000000000000000000000000000000000001111333333
3333331111111000000000000000000000000000000000000000000000000000000000000000000000000000000222222222222222222220000000000000000000000000000000000000000000000001111333333
3333331111111000000000000000000000000000000000000000000000000000000000000000000000000000000222222222222222222222000000000000000000000000000000000000000000000001111333333
3333331111111000000000000000000000000000000000000000000000000000000000000000000000000444444442222222222222222222000000000000000000000000000000000000000000000001111333333
3333331111111000000000000000000000000000000000000000000000000000000000000000000000044444444444222222222222222222000000000000000000000000000000000000000000000001111333333
3333333111111000000000000000000000000000000000000000222222222222200000000000000000444444444444422222000000000000000000000000000000000000000000000000000000000011111333333
3333333111111000000000000000000000000000000000000002222222222222220000000000000444444444444444422220000000000000000000000000000000000000000000000000000000000011111333333
3333333111111000000000000000000000000000000002222222222222222222220000000000044444444444444444422200000000000000000000000000000000000000000000000000000000000011111333333
3333333111111000000000000000000000000000000044422222222222222222220000000004444444444444444444400000000000000000000000000000000000000000000000000000000000000011111333333
3333333111111100000000000000000000000000000444444444444222222222220000000044444444444444444444400000000000000000000000000000000000000000000000000000000000000011111333333
3333333111111100000000000000000000000000004444444444444422222222220000000444444444444444444444000000000000000000000000000000000000000000000000000000000000000011111333333
3333333111111110000000000000000000000044444444444444444442222222200000000444444444444444444440000000000000000000000000000000000000000000000000000000000000000011111333333
3333333111111110000000000000000000000044444444444444444442222222000000000444444444444444440000000000000000000000000000000000000000000000000000000000000000000011111333333
3333333111111110000000000000000000000044444444444444444440000000000000000444444444444444000000000000000000000000000000000000000000000000000000000000000000000011111333333
3333333111111110000000000000000000000044444444444444444440000000000000000444444444444400000000000000000000000000000000000000000000000000000000000000000000000011111333333
3333333011111111000000000000000000000004444444444444444440000000000000000444444444400000000000000000000000000000000000000000000000000000000000000000000000000111111333333
3333333011111111100000000000000000000000444444444444444400000000000000000044444440000000000000000000000000000000000000000000000000000000000000000000000000000111113333333
3333333311111111100000000000000000000000000444444444444000000000000000000004444400000000000000000000000000000000000000000000000000000000000000000000000000001111113333333
3333333311111111111000000000000000000000000000000000000000000000000000000000000000000000000000011111111111111111111111111100000000000000000000000000000000011111113333333
3333333311111111111111110000000000000000000000000000000000000000000000000000000000000000001111111111111111111111111111111111100000000000000000000000000000111111133333333
3333333311111111111111111111111111111111111111111111111111111111111111111111111111111111111111111111111111111111111111111111111110000000000000000000000001111111133333333
3333333311111111111111111111111111111111111111111111111111111111111111111111111111111111111111111111111111111111111111111111111111100000000000000000000001111111133333333
3333333311111111111111111111111111111111111111111111111111111111111111111111111111111111111111111111111111111111111111111111111111110000000000000000000011111111133333333
3333333331111111111111111111111111111111111111111111111111111111111111111111111111111111111111111111111111111111111111111111111111111000000000000000000111111111333333333
3333333333111111111111111111111111111111111111111111111111111111111111111111111111111111111111111111111111111111111111111111111111111111110000000000001111111111333333333
3333333333311111111111111111111111111111111111111111111111111111111111111111111111111111111111111111111111111111111111111111111111111111111000000000011111111111333333333
3333333333331111111111111111111111111111111111111111111111111111111111111111111111111111111111111111111111111111111111111111111111111111111111111111111111111111333333333
3333333333333311111111111111111111111111111111111111111111111111111111111111111111111111111111111111000000000000000000111111111111111111111111111111111111111113333333333
3333333333333333333111111111111111111111111111111111111111111111111111111111111111111111111111100033333333333330033333333111111111111111111111111111111111111133333333333
3333333333333333333333333333333333333333333333333333333333333333333333333333333333333333333333333333333333333333333333333333331111111111111111111111111111113333333333333
3333333333333333333333333333333333333333333333333333333333333333333333333333333333333333333333333333333333333333333333333333333333331111111111111111133333333333333333333
3333333333333333333333333333333333333333333333333333333333333333333333333333333333333333333333333333333333333333333333333333333333333333333333333333333333333333333333333
3333333333333333333333333333333333333333333333333333333333333333333333333333333333333333333333333333333333333333333333333333333333333333333333333333333333333333333333333
3333333333333333333333333333333333333333333333333333333333333333333333333333333333333333333333333333333333333333333333333333333333333333333333333333333333333333333333333
